"a1","b1"
"b2","c2"
"c3","d3"
"d1","d2"
"e1","e2"